7.434611761955393083e-01	4.646563283772459640e-01
1.657556617786169362e+00	-6.320315690978894896e-01
-1.587887479315155392e-01	2.558446471363228225e-01
-1.088751998383507225e+00	-3.969431539482844995e-01
1.768051996545028315e+00	-2.544321270607857732e-01
1.954164543493057460e+00	-1.285057938784022191e-01
9.369453693021364549e-01	3.659707534602925638e-01
8.844658949520769475e-01	-4.759540065260831065e-01
8.095024588655737041e-01	3.505230969019607623e-01
1.227809099434301165e+00	-6.478510812712650058e-01
-3.845427645529868599e-01	5.091638064418796406e-01
9.252134568520775648e-02	-3.161845443028745151e-01
1.795316579075947550e+00	-3.223559064946918684e-01
1.438617493349515719e+00	-1.579661137450176223e-01
-8.236486590374048067e-01	8.682275364198338563e-01
9.963339715540805441e-01	1.731019026709848529e-01
6.638870067738957825e-01	9.465966915229437895e-01
1.322947139486551626e-01	-2.603261851679187777e-01
2.482245008461555769e-01	7.860476988533982023e-01
-1.003921016976871305e+00	1.152072376568230361e+00
2.082084380513013588e+00	7.156058259646980863e-03
8.708134179270764497e-01	-4.366642974260470100e-01
3.726832680556111943e-01	1.017430018118309798e+00
1.267359269046210324e+00	-1.181367505872380486e-01
-1.327015381954621820e-01	1.266535620410666141e+00
2.033100027157780654e-01	1.951945371093251058e-01
1.983739957426292833e+00	-1.122231545429288047e-01
1.827495134741964122e+00	-3.085446036025946137e-02
-3.857866838639278928e-02	8.383779616792771949e-02
3.351022614265100619e-02	6.311381728548857151e-01
9.419328335650529738e-01	6.320450742491617868e-01
-3.913189426267018600e-01	4.092520063914518724e-01
8.835704255665839391e-01	-3.586884498735809501e-01
-1.141218918297989826e-02	3.043763475370269700e-01
7.587711365552407550e-01	7.605704534130108829e-01
1.794144156110248911e+00	2.832338923834366584e-01
5.611663358807313928e-01	-3.300330230306519619e-02
8.716130931859821240e-01	1.715969348858764620e-02
-7.519192184954882618e-01	6.379831671428490836e-01
-2.191125337301452758e-01	4.966286422648966137e-01
6.371193297652330001e-01	-5.553718313778264193e-01
-2.553144173078047419e-01	8.395393313029356763e-01
5.775301698973073217e-01	6.456401481351489169e-01
1.593187817415864238e-01	-2.835183538196137110e-02
1.532969428080369845e+00	-3.627782575587297775e-01
-2.464898069612518061e-01	1.091360473503487416e+00
1.164433013996390986e+00	1.495781142780763795e-02
-7.057452786216406038e-01	5.488300255242549719e-01
1.691914680789019798e-01	-3.089566482453440788e-01
1.071781798826940468e+00	-4.014198785463146124e-01
-8.970433029815840786e-01	8.769099611736430600e-01
4.828490976839339144e-01	-2.145237367194639533e-01
2.255363020128323903e+00	2.862684880678922211e-02
-6.252313297459997088e-01	3.868575777623426554e-02
1.228213772122918268e+00	-5.011915944054843308e-01
8.424830664818951931e-01	5.572831458670699512e-01
4.585723591167751301e-01	5.017019012138814738e-01
9.803195695686595101e-01	-5.681136739312411255e-01
1.059936000762622121e-01	9.051412526704804007e-01
-2.158241841563071639e-01	1.035216423681657893e+00
6.721632292130219621e-02	-1.649076979088154038e-01
-1.078734352146087705e+00	3.664416288341827976e-01
1.601721645300718144e+00	-3.760499479148246560e-01
1.025923246781321962e+00	4.214342664285617435e-01
1.067391153174778839e+00	-3.878351131499540583e-01
-1.354620411771001898e+00	2.852476151810035554e-01
-2.078498186357840560e-01	1.090434947942485966e+00
1.616524854802833921e+00	-2.946948304781999428e-01
2.637540924369027873e-01	9.150836700276084867e-01
-9.980518409011622794e-01	6.242054433205482811e-01
6.227361768848903578e-01	-5.280464355709283408e-01
-1.087310203396922859e+00	7.812860757221133934e-01
1.262924194371872755e-02	-5.971537405413751554e-01
-5.295343910844254598e-01	6.930731571194792551e-01
7.836244208881241180e-01	-2.584414398156212878e-01
-9.426245089637640406e-01	5.725835122531572896e-01
9.048711644421401912e-02	8.909390174029291343e-02
9.971657397376130216e-01	3.501742533824083181e-01
4.630176955954534712e-01	8.639241837534935575e-01
7.178770934302769469e-01	-9.708360959812473157e-02
2.133306592590837880e+00	1.120040580983720363e-01
-4.146706774211341706e-01	9.225469146384330799e-01
6.233932048124315450e-01	-6.942269408870682668e-01
2.049702735615297033e+00	6.636830569705545191e-01
-3.532337476121825970e-03	2.148706432042027381e-01
-2.763196931047505744e-01	1.341610445815469177e+00
8.226260948151842278e-01	-2.317444869320715861e-02
-4.661001512738992547e-01	9.876487892960450488e-01
6.442647367046847595e-01	-3.620980799309569953e-01
1.966825714108351386e+00	2.646737001730690153e-01
7.106091483197599645e-01	8.099054591116501278e-01
1.128203528268210576e+00	4.664341975695829312e-01
1.991501617506040045e+00	2.534857635366227768e-02
-6.634204810317256840e-01	8.530144095166385387e-01
2.043628501812767340e+00	2.456345268418449468e-01
1.773773971715934650e+00	-1.051390691676945544e-01
1.773463998395869101e+00	-3.410251260476416801e-01
6.613768578157930289e-01	-3.131410383834031252e-01
-1.154427735945060984e+00	4.057424338129120289e-01
4.167562356161334802e-02	-7.462092474917447760e-02
1.404264351009461231e+00	-9.320638231557182296e-01
1.993176759577808710e+00	4.890398316379069854e-01
1.767334184372708894e-01	1.317887397779070824e+00
1.123446246008494409e+00	-9.556327275214648864e-02
-6.401830100803374002e-01	7.521413679649158190e-01
1.729557932564876055e-01	6.013552551494892873e-01
-9.764461670721721331e-01	3.612863761385724792e-02
-5.635775820473057918e-01	1.157747173789387185e+00
1.604400894284014889e+00	-3.511635785877464944e-01
1.338766653909236048e-01	6.944329009636109884e-01
-5.990967662372070901e-01	7.690303941859524262e-01
1.023532990550857225e-01	1.093262065338457933e+00
-2.204743643287623012e-01	1.283439270476322003e+00
-7.041670837741427214e-01	3.064927404150283308e-01
9.570960094921568961e-01	3.050214304185664416e-01
1.659363462708186354e+00	-7.035156741919872392e-01
1.891169084157922065e-01	6.488742397252081906e-01
2.027736769540569917e+00	2.502145089441860648e-01
6.515764019410286156e-01	-4.067749422285103500e-01
5.568899803701035101e-01	2.612088672485107788e-01
8.181611111100159928e-01	7.895280619097302388e-01
-4.836705287735099112e-01	4.367981276469187213e-01
-1.473982796312607868e-01	2.255619285236097060e-01
1.183478625247304516e-01	9.915602327100051516e-01
-2.525338699092694594e-01	1.877669710142887971e-01
-9.331352201977587413e-01	7.338595855005927149e-01
6.975216000138605432e-01	-1.183261063274195640e-01
3.333232063535278566e-01	1.400659173856806106e-01
1.065193270446752605e+00	-3.886794920537092746e-01
1.936996103522329538e+00	6.311216077367277633e-01
1.058409569151058216e+00	5.185844257212794961e-01
-5.084093898281282220e-01	5.525949355489201409e-01
-1.321098045820767730e+00	5.143765684596587340e-01
2.944997064763739680e-01	-2.607893800677635321e-01
1.336536209965292432e+00	-1.800576108299680178e-01
1.512411783605811522e+00	1.108133095291891634e-01
1.019348066929795849e+00	-1.799362894323645601e-01
-1.133054830404234936e+00	1.110996196803976932e-01
2.074638260562205350e+00	5.125370494737481186e-01
7.345167887509418403e-01	5.346233000121158874e-01
-1.221344231425464666e-01	1.529203659719113317e-01
-5.571860415414409129e-02	5.728679419254978367e-01
4.504603323591968578e-01	1.095858613666704784e+00
-7.204608008131285768e-01	1.017333539189327229e+00
-3.369882461819498354e-01	8.906066080875045810e-01
1.062877503072052088e+00	1.723149589156548200e-01
3.400535527470089914e-01	3.248635838262532993e-01
1.244915520560316180e+00	-5.137573952576881542e-01
3.096600255825526782e-01	1.166775306415533731e+00
-6.114159089002840775e-02	-2.921071949733877737e-02
4.828172063584235119e-01	-4.319609940791940828e-01
1.687342493704469204e+00	-6.872366990817404542e-01
8.086210588369869834e-01	2.841537241227473087e-01
2.980916236243445483e-01	8.221143239188893892e-01
8.496547032981957015e-01	-3.050734495324622375e-01
-3.802170955199742908e-01	8.841462306676411975e-01
1.327344323656000302e+00	-4.805688837937287516e-01
2.333705666336711726e-01	1.075056798123592561e-01
6.884177301472779176e-01	1.150682638270793312e+00
6.779623965951396825e-01	7.802448237172596723e-01
3.395912961559992560e-01	-2.223856802089743678e-02
1.304408770543990626e+00	-5.295091734038980258e-01
7.530759356218070799e-01	8.526869047680725178e-01
1.429884700530308805e+00	-2.108022232990264255e-01
5.563190332645160385e-01	-7.078148137490833935e-01
1.453844009106117108e+00	1.271852899610903531e-01
3.203753955360119643e-01	8.727138910211641454e-01
5.314814664025081514e-01	-2.742407736112669192e-01
1.516586993550064655e+00	-4.506971944384816631e-01
9.982640288233450843e-01	-8.097907528006023092e-01
6.391829861246016709e-01	9.660673912712471889e-01
-1.285590295142693407e+00	1.067726216889646196e-01
-1.078409590703006238e+00	5.640252310754563236e-01
-5.771679765207750057e-01	2.942259037425510870e-01
2.540359883406873021e-01	-6.440016738615619851e-03
9.172263208601126871e-01	-2.965749945451614522e-01
1.433807086685757071e+00	6.918307117570490217e-01
-7.085116832762669015e-01	4.961785502466076192e-01
-6.468338647999902769e-01	4.697125233276787659e-01
3.014346054703447852e-01	7.639857215281853353e-01
1.480694894257151839e+00	-3.572807959065681382e-01
-1.026639610963996363e+00	4.126582347152271124e-01
1.896608709804578741e+00	2.541320853054516160e-01
2.042512231639123321e+00	-4.607459311539569558e-01
1.926730188591455617e+00	4.081796286663954554e-01
3.576627567238469529e-01	1.087281104389118180e+00
1.240314989158177728e-01	6.767299528301635725e-01
9.733208660007180990e-01	-7.053067834312889417e-01
-7.289422761490971236e-01	4.417941940497658315e-01
-6.986306101056793949e-01	7.762029256881169959e-01
-9.351675169041007152e-01	4.352080270431233910e-01
4.516692652167345057e-01	1.001854968757257103e+00
8.762964093305203317e-01	2.895199900726617148e-01
8.815581837569586021e-01	2.392595676063262733e-01
-7.795147078925580841e-02	2.799526123422571011e-01
-5.636589899891119027e-01	8.918972012272735617e-01
1.604980598139074566e+00	1.383551592384853757e-01
2.769566794489931594e-01	1.210815569982639714e-02
2.591942939792857281e-01	1.041042125672389629e+00
1.521520499802517579e+00	-1.258922956595806275e-01
